data/malla_topo.txt
ncols        396
nrows        321
xllcorner    -70.832917
yllcorner    -33.606250
cellsize     0.000833
NODATA_value -9999.000000
[rows 84 to 125 of 321, columns 188 to 281 of 396]
528 531 529 528 529 531 530 530 531 532 532 532 534 535 536 535 537 537 537 539 539 539 539 540 540 541 540 540 542 541 541 541 542 541 541 542 543 545 544 544 544 544 544 543 543 543 544 542 542 542 540 539 538 536 537 535 533 530 531 531 528 533 544 579 612 632 651 660 657 638 649 694 728 768 798 795 781 751 732 710 697 683 658 643 637 631 635 636 637 642 659 659 660 661
527 528 528 530 532 533 531 531 531 532 534 534 535 535 536 535 538 540 539 541 541 542 540 541 541 541 541 543 544 544 545 544 543 541 543 545 545 545 547 548 546 546 545 544 543 543 543 542 542 541 539 539 538 538 537 534 533 535 533 531 532 534 555 589 626 659 683 703 693 668 685 728 744 769 779 772 757 734 711 701 695 675 651 635 629 631 635 637 637 643 659 686 692 698
525 526 529 531 530 530 530 532 532 533 534 536 536 536 538 537 539 539 540 541 543 544 542 543 543 543 543 545 547 548 548 546 544 545 546 546 546 547 548 548 547 549 548 546 545 544 545 545 544 542 541 541 538 537 536 535 535 536 536 534 537 543 558 588 627 670 704 722 719 703 715 736 745 747 746 739 728 705 682 678 678 659 640 633 632 632 634 637 639 654 659 668 681 695
527 528 527 531 531 530 532 532 533 533 534 536 536 536 539 539 541 540 542 542 544 544 544 543 544 544 545 547 548 549 549 547 547 548 548 548 547 549 550 549 549 550 552 548 547 546 546 545 542 542 542 542 541 540 539 539 541 542 539 539 541 548 566 595 633 674 706 723 732 729 725 725 725 723 727 723 712 688 665 661 662 644 634 628 627 633 637 638 645 656 652 656 658 667
527 530 530 531 531 529 531 533 534 535 535 536 536 539 538 539 540 541 543 543 543 544 545 545 546 546 547 548 547 549 548 547 550 549 550 551 550 551 550 550 551 550 550 547 547 548 547 545 545 544 543 543 542 541 541 544 547 550 547 549 550 558 577 607 648 677 701 718 721 722 705 693 697 699 699 695 687 670 646 638 637 631 632 627 629 635 637 643 654 651 649 650 650 651
528 531 530 530 531 530 532 534 535 536 536 538 538 539 540 539 540 542 542 542 543 545 547 547 546 548 549 548 548 552 550 551 551 552 550 551 550 550 552 551 553 552 552 550 550 550 550 548 546 545 544 545 547 548 555 564 566 565 565 564 568 581 598 630 665 686 702 700 694 689 673 662 668 680 679 672 660 648 632 626 630 630 633 625 627 628 630 636 648 647 645 648 651 652
530 532 533 531 531 532 535 535 537 536 536 536 537 540 540 541 542 543 545 545 545 546 547 547 549 549 549 551 552 552 554 555 554 553 553 551 550 552 553 552 553 552 551 552 551 551 550 549 548 547 548 549 556 572 595 597 591 588 592 589 589 603 626 662 685 698 699 685 678 665 648 639 640 651 653 646 639 635 629 626 626 628 627 623 629 634 634 637 637 637 642 645 649 645
529 531 531 532 532 534 534 537 537 537 536 538 538 540 542 542 545 544 546 546 546 547 548 549 550 550 549 551 551 553 554 557 556 554 553 550 552 554 553 554 553 553 554 553 554 552 550 552 554 554 556 563 579 609 631 630 617 606 613 615 613 637 665 694 708 711 702 683 667 646 629 627 627 626 625 625 627 623 624 625 628 632 627 627 629 641 647 650 647 643 643 649 646 643
530 532 532 531 531 534 534 537 538 538 539 539 541 542 541 541 543 544 547 545 547 548 548 548 550 554 555 553 553 552 555 556 555 554 555 554 552 553 555 555 556 556 556 556 557 553 554 559 565 567 571 589 612 647 664 657 644 632 634 646 656 675 699 715 716 703 686 666 648 631 621 620 620 620 619 620 621 621 621 627 628 627 625 627 634 653 645 645 647 651 646 648 645 647
531 534 534 533 533 534 537 538 538 540 541 540 540 541 541 544 545 545 545 543 547 549 549 548 547 552 557 557 556 557 559 558 555 554 553 557 560 568 563 557 557 558 558 557 556 556 563 581 592 598 607 618 642 682 698 688 675 666 671 690 698 712 728 729 710 686 663 639 624 617 617 617 616 618 619 620 619 620 622 624 622 621 629 634 639 639 639 639 644 647 640 642 643 646
533 533 534 535 534 535 537 539 541 542 541 541 540 541 542 544 544 545 545 547 550 549 550 552 552 554 555 555 557 558 557 557 556 556 557 570 586 591 570 558 559 560 559 560 558 560 574 602 624 642 649 659 674 706 728 726 726 718 723 741 746 747 741 717 690 658 632 617 615 615 616 616 616 616 616 618 619 621 621 624 624 623 619 636 631 627 637 641 639 635 635 640 641 648
534 535 535 536 536 536 537 537 539 541 542 541 542 542 543 545 544 545 546 548 548 549 550 553 556 558 558 557 560 559 558 557 555 555 566 589 606 608 570 562 561 566 565 563 564 574 593 629 660 677 690 704 713 738 759 767 767 772 782 791 783 764 732 695 665 632 616 614 616 616 617 616 615 616 616 617 617 620 620 617 624 626 630 626 626 634 638 637 641 637 638 638 641 646
533 534 536 538 538 539 537 538 540 543 541 539 541 542 544 545 547 547 548 550 550 548 551 556 555 560 560 559 558 559 560 559 559 562 581 614 633 611 569 562 564 564 564 566 577 595 623 669 692 699 725 742 756 774 801 820 833 833 831 825 804 773 733 686 646 620 615 613 614 615 615 615 614 614 614 616 617 617 613 618 623 626 628 629 629 632 632 635 638 638 641 634 640 641
535 536 538 540 540 540 540 540 544 543 542 541 542 544 546 547 546 546 549 551 550 549 549 551 555 560 561 562 562 560 558 561 561 565 596 620 628 595 567 564 565 564 567 581 608 631 665 701 722 734 750 766 783 803 845 876 877 869 845 826 797 765 729 685 641 619 616 613 613 615 614 614 614 615 616 615 614 617 616 622 623 628 632 631 629 631 630 633 637 645 647 641 640 651
538 539 540 540 542 541 540 541 541 543 545 545 546 546 547 547 546 548 550 550 550 551 551 553 555 556 559 559 562 561 558 559 562 572 590 601 597 578 566 566 566 568 569 582 614 639 666 702 727 755 784 803 820 848 868 876 863 848 824 809 788 755 723 664 635 622 620 615 614 612 613 612 612 614 615 615 619 620 619 625 631 626 628 629 628 632 631 630 633 638 639 643 637 639
537 539 542 543 543 541 542 542 543 544 544 546 548 547 549 549 549 550 551 550 551 553 554 554 554 554 558 561 559 559 561 563 564 564 568 572 570 568 566 565 567 569 570 571 596 619 649 678 697 729 777 821 855 872 847 832 819 814 807 798 776 724 686 644 626 621 622 623 620 616 613 612 608 611 616 616 618 625 626 623 631 629 627 631 627 626 629 631 632 631 636 644 638 636
535 538 539 539 542 543 542 541 542 543 544 545 547 549 550 548 549 550 550 551 553 554 554 554 556 555 556 561 559 559 561 564 564 563 565 565 565 566 567 567 567 568 570 569 579 598 622 642 670 709 760 810 845 836 815 797 778 776 775 775 758 707 668 640 623 628 626 613 609 609 610 612 613 617 619 618 619 618 623 623 630 626 625 628 628 627 632 633 632 636 638 635 639 639
536 538 538 539 538 541 544 544 544 547 547 547 551 551 550 549 550 552 552 553 555 555 554 557 557 558 559 559 559 559 561 563 564 565 565 566 566 567 567 567 568 568 570 570 575 583 603 628 664 707 756 804 827 815 797 777 750 732 728 733 723 705 649 628 633 620 611 609 611 610 614 614 615 618 619 619 618 620 621 623 627 634 631 627 627 629 630 630 628 633 637 639 637 640
536 538 538 539 539 543 546 545 546 548 549 550 548 547 549 550 550 551 552 552 554 554 554 556 557 560 562 560 560 561 561 563 564 565 567 566 569 574 575 569 570 570 572 574 574 583 608 642 679 721 768 805 825 807 784 751 715 699 683 690 686 672 646 622 608 601 608 609 610 614 618 617 615 614 618 618 619 622 621 625 627 627 629 627 626 623 626 628 630 631 634 632 635 637
538 536 539 541 542 541 545 547 546 546 546 549 546 547 547 551 551 551 551 551 553 553 555 555 558 559 560 561 562 562 561 562 565 566 568 568 570 573 572 570 570 571 573 574 574 587 618 657 697 748 793 836 843 827 777 744 702 669 652 645 641 640 634 619 603 604 607 607 608 614 617 617 618 616 614 615 619 627 626 624 620 621 626 630 627 623 625 631 629 627 631 632 636 634
538 539 539 538 540 542 543 547 546 547 545 548 548 546 547 551 552 552 551 551 553 555 556 559 560 560 559 561 562 562 562 563 566 567 567 569 570 572 571 571 572 573 576 581 575 590 626 666 717 769 812 847 838 803 764 726 689 655 631 615 609 609 613 610 606 607 606 605 607 613 612 614 618 618 619 620 623 622 621 618 619 622 621 623 627 625 625 627 630 628 629 631 635 633
537 538 541 540 543 541 539 542 543 546 546 546 548 549 550 551 552 553 554 556 556 557 557 559 562 560 561 561 564 564 564 565 566 568 569 570 571 572 573 574 573 574 576 577 578 594 633 678 722 754 793 813 810 781 747 705 662 629 609 604 603 604 603 603 605 604 605 606 607 608 612 613 618 623 620 620 620 621 618 616 618 619 619 623 623 623 621 622 624 626 630 632 630 629
545 551 541 540 544 543 542 543 542 545 546 547 550 548 550 549 553 553 554 556 555 556 557 559 561 562 562 562 564 566 566 565 566 569 568 570 572 572 573 574 574 579 577 577 580 602 631 671 706 730 752 764 768 752 714 670 627 604 606 605 601 600 600 599 606 605 607 609 607 612 615 611 622 618 617 618 619 617 617 616 618 622 625 623 622 621 624 623 625 626 626 628 631 631
545 552 543 541 541 543 546 545 545 546 546 547 547 547 551 552 552 555 556 554 556 558 558 558 562 565 563 563 564 565 566 566 566 568 569 572 571 573 574 575 576 579 579 579 581 590 608 645 673 696 702 715 726 715 676 629 607 601 600 601 599 600 598 598 602 603 607 606 606 611 618 611 616 616 616 614 613 614 616 616 616 618 618 618 620 620 620 620 623 623 627 628 631 630
538 540 541 540 542 544 544 547 549 548 550 549 550 549 548 550 551 554 554 555 558 559 558 559 561 563 565 566 564 566 567 565 566 571 570 573 572 573 574 575 575 578 579 576 580 582 585 602 628 651 660 673 685 663 626 602 601 601 596 596 599 597 597 603 604 604 606 606 606 609 608 609 611 613 609 611 612 615 612 612 614 615 616 621 619 618 618 616 619 619 623 625 626 623
540 539 541 541 542 543 543 546 550 548 549 549 550 551 553 554 553 552 553 555 557 559 562 561 560 561 565 567 566 564 568 568 569 571 571 573 573 573 575 575 577 578 579 579 581 584 584 586 599 619 627 633 630 613 596 593 595 596 598 599 601 597 601 613 609 603 602 604 606 608 608 606 607 610 608 607 612 617 612 613 613 614 616 619 617 616 615 617 617 618 621 625 626 625
541 541 542 542 545 543 543 543 545 545 548 551 552 552 554 555 554 555 556 557 558 557 560 560 561 562 566 568 567 566 569 569 569 571 572 572 573 574 574 574 576 578 579 581 582 585 586 586 588 595 603 601 594 594 592 593 592 594 595 598 602 597 598 605 606 603 602 603 603 606 608 606 607 610 609 608 610 615 614 613 612 614 613 615 616 617 615 616 618 621 622 623 624 632
542 542 542 544 545 544 547 547 546 547 547 551 550 551 552 553 554 554 556 559 554 556 557 558 560 560 566 567 567 566 567 569 570 572 571 574 574 574 576 576 576 578 581 581 581 583 584 586 586 588 589 589 590 592 592 592 591 594 596 596 594 597 605 605 603 602 603 601 601 602 603 603 606 612 608 606 607 609 609 609 610 613 614 615 617 620 619 616 617 618 622 623 625 630
540 540 541 541 543 545 545 546 548 547 548 551 551 553 555 553 554 556 554 556 558 560 564 562 562 567 569 568 565 565 566 567 570 570 573 575 573 574 575 575 576 577 580 580 582 583 586 587 587 586 586 587 587 589 591 591 593 597 597 594 598 605 606 604 604 601 600 601 602 601 602 602 603 605 606 606 608 608 607 607 610 614 613 611 616 621 621 619 619 618 620 621 627 633
538 540 542 541 541 542 543 546 548 549 549 549 551 554 556 556 554 554 554 555 558 562 565 566 562 565 567 573 571 568 572 568 571 569 572 573 574 575 576 576 577 577 579 581 583 584 584 586 586 587 586 588 591 588 590 594 591 594 593 594 601 600 599 599 601 600 599 603 603 601 600 600 601 605 604 606 607 607 607 608 610 610 609 610 614 618 618 617 616 617 620 623 622 623
537 539 542 541 542 544 545 545 546 548 550 550 551 551 555 558 554 555 556 554 556 558 560 562 560 562 565 569 568 568 571 571 573 577 578 581 577 578 576 575 575 575 580 580 582 580 581 584 585 586 588 589 589 588 590 596 591 593 593 595 600 596 596 598 597 599 601 602 600 598 598 599 599 602 603 605 603 605 609 609 607 610 610 612 612 613 615 618 618 616 619 619 617 620
539 540 541 543 544 545 545 545 546 548 548 549 552 550 552 554 553 555 553 552 558 559 559 562 563 563 563 567 568 571 576 575 573 575 576 581 585 580 582 584 581 578 582 581 580 577 581 582 586 587 588 589 589 589 591 591 596 599 599 598 596 595 597 597 596 598 599 598 599 598 598 599 600 600 607 608 604 602 604 603 605 606 608 610 611 613 613 617 619 614 616 619 617 619
540 541 541 541 542 544 546 545 548 547 548 548 550 551 551 551 553 556 557 556 559 560 560 560 563 565 566 571 572 573 577 577 575 574 573 576 579 580 588 586 584 581 585 585 585 585 583 584 584 587 594 588 584 589 593 593 598 602 597 597 595 596 594 592 595 596 596 597 597 597 597 599 599 600 606 606 603 603 603 601 604 607 607 609 609 612 612 614 616 613 615 616 616 617
539 540 541 541 543 543 545 544 546 546 546 549 550 551 552 552 554 553 554 555 557 558 560 561 565 568 565 572 573 574 576 581 580 578 576 580 578 583 588 598 593 586 586 586 587 588 588 588 586 588 591 592 595 588 593 593 592 592 593 591 592 597 597 594 595 596 596 596 596 598 598 597 597 600 599 600 601 601 599 599 603 606 614 615 607 608 611 616 616 612 611 615 614 617
541 542 543 543 543 543 545 545 546 547 548 551 550 550 553 552 553 554 558 555 558 560 559 571 581 570 569 570 573 578 574 576 582 580 582 582 583 584 584 589 587 587 586 587 588 585 587 588 591 591 592 594 606 590 587 591 593 591 592 591 592 595 596 595 595 593 595 597 597 596 595 597 597 597 595 597 600 599 597 601 603 605 611 608 605 607 611 614 612 612 612 613 617 616
537 539 540 542 541 541 543 546 546 547 549 550 551 550 555 553 555 561 558 554 557 562 560 565 570 571 569 569 575 577 573 574 580 581 583 586 594 600 586 589 588 583 581 584 585 585 586 589 596 589 588 589 591 587 585 590 590 589 590 590 589 591 592 592 592 592 591 593 595 594 594 595 596 594 594 597 597 597 599 601 601 604 602 603 606 607 608 612 613 611 610 613 614 613
538 539 539 540 541 543 543 545 545 547 548 551 548 551 555 554 555 559 556 554 557 562 557 568 569 568 570 575 576 583 586 582 583 584 583 584 582 585 585 593 581 580 584 596 598 588 587 602 601 587 589 585 585 588 587 587 586 588 588 588 588 590 591 590 590 589 590 591 592 594 593 592 594 593 594 600 597 599 602 603 602 604 601 603 606 605 606 608 611 612 611 609 611 612
537 540 540 539 541 544 543 544 544 547 549 549 550 554 555 550 552 555 555 552 555 559 568 571 575 578 575 580 580 583 582 584 582 578 581 584 583 581 597 608 587 576 584 586 598 602 587 597 590 587 588 585 587 588 586 585 587 587 588 587 587 589 588 588 588 588 590 590 591 593 593 592 592 592 597 611 606 597 603 610 603 601 601 604 604 605 604 605 610 610 612 610 610 610
537 538 539 538 542 542 543 544 547 549 549 548 549 553 554 552 553 555 554 555 555 562 568 568 580 585 577 581 581 584 583 585 579 575 579 584 591 594 595 605 585 583 584 585 589 588 589 582 585 584 585 584 586 588 586 583 585 586 587 587 585 586 587 588 591 590 587 590 591 592 596 592 590 593 593 599 607 598 603 609 608 603 602 603 603 603 604 608 609 608 608 609 609 608
539 539 538 539 541 540 541 543 544 545 546 547 548 550 552 552 554 554 551 551 555 563 569 571 576 576 572 575 581 581 584 586 579 577 579 585 587 587 580 584 581 580 579 583 586 585 580 579 579 582 584 585 585 587 588 583 582 583 587 586 585 585 587 587 587 588 588 587 588 592 595 591 591 593 592 593 598 597 598 600 601 600 601 602 604 605 604 608 607 607 606 606 607 607
537 537 539 540 539 540 540 541 544 545 545 548 549 549 551 553 554 553 550 549 553 556 563 564 571 578 568 573 581 579 581 579 575 579 585 576 578 578 576 580 583 580 581 579 577 582 585 584 576 580 583 588 586 584 594 594 583 582 585 585 585 584 585 586 586 587 587 588 589 590 587 587 588 590 592 592 593 594 596 600 599 599 599 600 601 603 604 606 604 604 605 607 608 608
536 537 539 539 538 539 541 541 542 544 548 549 551 551 549 552 553 559 558 555 555 556 557 557 569 576 566 570 580 579 574 569 578 579 582 581 576 574 575 576 580 579 579 579 580 586 584 580 580 579 582 585 584 581 579 582 582 581 582 583 583 583 585 585 585 585 586 586 586 586 588 587 586 588 589 592 592 592 594 597 599 599 599 603 601 603 601 602 604 604 604 605 605 606
