data/malla_urban.txt
ncols          31
nrows          31
xllcorner      -70.832330
yllcorner      -33.606223
cellsize       0.00833333
NODATA_value   -9999
0.0 0.0 0.0 0.0 0.0 0.0 0.0 0.0 0.0 4.0 4.5 6.0 7.0 0.0 0.0 4.0 0.0 0.0 0.0 0.0 0.0 0.0 0.0 0.0 0.0 5.0 6.0 0.0 4.5 0.0 6.5
0.0 0.0 0.0 0.0 0.0 0.0 0.0 0.0 5.5 0.0 5.5 6.0 4.0 0.0 5.5 3.5 0.0 0.0 0.0 0.0 0.0 0.0 0.0 0.0 0.0 0.0 0.0 1.0 0.0 3.0 0.0
0.0 0.0 1.0 1.0 0.0 0.0 0.0 5.5 5.5 5.0 5.0 1.0 5.0 4.5 7.0 5.0 0.0 0.0 0.0 0.0 0.0 0.0 0.0 0.0 0.0 0.0 0.0 5.5 5.5 10.0 3.5
0.0 1.0 0.0 0.0 0.0 0.0 7.0 5.5 7.0 3.5 5.0 5.0 6.0 3.0 15.0 3.0 0.0 0.0 3.5 0.0 0.0 0.0 0.0 4.0 2.5 2.5 4.0 0.0 2.0 4.0 6.0
0.0 0.0 0.0 0.0 0.0 7.0 6.5 7.0 7.0 3.0 4.5 1.0 3.0 3.5 3.0 2.5 6.0 3.0 3.5 3.5 0.0 0.0 0.0 5.0 3.0 5.0 40.0 2.0 15.0 5.0 15.0
0.0 0.0 0.0 15.0 15.0 6.0 7.0 6.0 7.0 5.0 5.0 0.0 0.0 3.0 4.0 4.0 4.5 3.5 0.0 0.0 0.0 0.0 12.0 5.0 13.0 5.0 6.0 7.0 4.0 3.0 6.0
0.0 3.0 2.0 15.0 15.0 2.0 6.5 6.0 0.0 0.0 0.0 0.0 3.5 4.0 4.0 3.5 4.5 4.5 3.5 6.0 0.0 0.0 18.0 5.5 3.5 30.0 5.5 3.0 4.5 5.0 3.0
0.0 0.0 0.0 15.0 15.0 0.0 5.0 5.5 4.5 3.0 4.0 3.5 4.5 3.5 3.0 4.0 4.0 3.5 3.5 3.5 0.0 15.0 26.0 40.0 45.0 35.0 5.5 5.0 5.0 3.5 5.0
0.0 0.0 0.0 12.0 15.0 0.0 0.0 0.0 4.0 3.0 3.0 3.5 3.5 3.5 4.0 5.0 4.5 1.5 5.0 3.5 0.0 55.0 50.0 45.0 25.0 5.5 5.0 3.0 7.0 4.5 4.0
0.0 0.0 0.0 0.0 0.0 0.0 4.0 3.5 4.0 3.0 3.0 3.5 3.5 4.0 5.0 4.5 8.0 30.0 0.0 0.0 20.0 30.0 30.0 35.0 40.0 35.0 4.0 20.0 3.0 0.0 0.0
0.0 8.0 0.0 9.0 8.0 6.0 4.5 3.5 3.5 3.5 3.5 3.5 4.0 3.5 5.0 3.5 15.0 10.0 8.0 45.0 17.0 30.0 20.0 5.5 5.0 4.5 1.0 0.0 0.0 0.0 0.0
8.0 0.0 0.0 9.0 2.0 6.0 4.0 4.0 4.0 3.0 4.0 5.5 3.0 4.5 8.0 5.0 50.0 35.0 30.0 7.0 6.0 20.0 6.5 15.0 15.0 5.0 5.0 5.0 5.5 1.0 0.0
0.0 15.0 1.0 2.0 1.0 7.0 4.0 3.5 7.0 4.0 5.0 3.5 3.5 4.5 6.0 5.0 30.0 30.0 40.0 5.0 15.0 25.0 20.0 12.0 5.5 4.5 5.5 4.0 5.5 2.0 0.0
0.0 8.0 8.0 7.0 7.0 7.0 5.0 4.5 5.0 3.0 3.5 4.5 4.0 4.0 5.0 7.0 4.5 4.5 5.0 7.5 40.0 25.0 22.0 20.0 15.0 5.0 5.5 3.0 4.0 0.0 0.0
0.0 2.5 0.0 0.0 0.0 6.0 4.5 3.5 3.5 4.5 6.5 4.0 4.0 4.0 5.0 3.0 3.0 10.0 4.5 20.0 15.0 15.0 8.0 15.0 4.0 4.5 10.0 5.0 6.0 4.0 0.0
0.0 0.0 0.0 0.0 18.0 0.0 0.0 5.5 4.0 3.5 5.0 4.0 3.5 3.5 5.0 4.5 8.0 5.5 5.0 7.0 5.0 6.0 3.0 5.0 3.5 4.0 5.0 3.0 4.0 1.0 0.0
0.0 0.0 0.0 1.0 0.0 0.0 6.5 8.0 3.5 4.5 6.0 0.0 3.5 3.5 4.5 2.5 5.5 5.0 7.0 5.5 7.0 8.0 4.5 15.0 0.0 5.0 5.5 5.5 1.0 10.0 0.0
0.0 0.0 0.0 0.0 2.0 5.5 10.0 3.5 4.5 3.5 7.0 5.0 5.0 0.0 3.5 4.5 25.0 4.5 4.0 5.5 30.0 4.5 4.5 3.5 2.0 0.0 5.5 1.0 0.0 0.0 0.0
0.0 2.5 0.0 0.0 4.0 5.5 3.5 4.0 3.0 3.0 3.5 4.0 0.0 3.0 4.5 3.0 10.0 5.5 4.5 3.0 15.0 3.5 6.0 3.0 2.0 4.5 2.0 0.0 5.0 0.0 0.0
0.0 0.0 1.0 5.0 5.0 6.0 3.5 4.0 3.5 3.5 6.0 0.0 3.0 3.5 3.0 3.5 20.0 5.0 4.0 3.5 4.0 25.0 6.0 4.0 4.5 5.0 5.0 0.0 5.5 0.0 0.0
2.5 0.0 0.0 5.0 5.0 6.0 4.0 4.0 5.0 5.0 15.0 15.0 3.0 3.5 3.0 3.0 5.0 4.0 3.5 3.5 0.0 3.5 10.0 7.5 3.5 5.0 2.0 2.0 1.0 0.0 0.0
0.0 0.0 0.0 4.0 5.0 5.5 4.5 5.0 4.0 5.0 5.0 10.0 3.0 5.0 3.0 3.0 4.5 4.0 4.0 3.0 3.0 4.0 3.5 5.0 0.0 7.5 1.0 0.0 0.0 0.0 0.0
18.0 0.0 0.0 5.0 4.0 5.0 5.0 6.0 4.5 2.0 0.0 3.0 6.0 7.0 3.5 3.5 4.5 3.5 3.5 3.5 3.0 4.5 3.5 4.5 3.5 4.0 4.5 1.0 0.0 0.0 0.0
18.0 0.0 0.0 0.0 5.0 5.5 5.5 3.0 3.0 0.0 0.0 2.5 6.0 6.0 3.5 3.0 5.0 3.5 3.0 4.0 5.0 4.0 3.0 3.5 4.5 0.0 0.0 0.0 0.0 0.0 0.0
1.0 0.0 0.0 4.0 2.0 2.0 6.0 1.0 1.0 1.0 7.0 5.0 5.0 5.0 0.0 3.5 3.0 3.5 4.0 3.5 5.0 8.0 3.5 3.5 5.5 2.0 5.0 0.0 0.0 0.0 0.0
5.0 2.5 1.0 5.0 5.5 6.5 3.0 0.0 0.0 0.0 7.0 4.0 4.5 0.0 3.5 3.0 1.0 2.0 3.5 7.5 3.0 2.0 3.0 4.5 5.0 4.0 7.0 0.0 0.0 0.0 0.0
5.0 2.5 2.5 5.0 5.0 3.0 2.0 0.0 0.0 0.0 6.0 4.0 3.5 3.5 3.5 3.5 1.5 0.0 0.0 0.0 0.0 1.0 0.0 0.0 5.5 4.5 2.0 2.0 0.0 0.0 0.0
3.0 2.5 2.5 0.0 2.0 1.0 0.0 0.0 0.0 0.0 0.0 3.5 3.5 3.0 4.0 4.5 3.5 4.5 3.0 2.0 4.0 5.0 5.0 5.0 4.0 4.0 5.0 0.0 0.0 0.0 0.0
2.0 2.5 1.0 1.0 2.0 1.0 1.0 1.0 0.0 0.0 0.0 3.5 4.0 3.5 4.0 5.0 1.5 1.0 0.0 3.5 5.0 5.0 3.0 0.0 5.0 5.5 5.5 5.0 0.0 2.0 4.5
0.0 0.0 0.0 0.0 0.0 1.0 0.0 0.0 0.0 0.0 0.0 3.0 3.5 4.0 5.5 4.5 0.0 0.0 0.0 2.0 0.0 1.0 0.0 5.0 6.0 3.5 2.0 0.0 0.0 2.0 3.0
3.0 0.0 0.0 0.0 2.0 1.0 1.0 0.0 0.0 0.0 0.0 3.0 3.0 3.0 0.0 2.5 0.0 0.0 0.0 0.0 0.0 0.0 5.5 6.0 3.5 4.0 4.0 1.0 4.5 4.5 0.0
