data/malla_topo.txt
ncols        396
nrows        321
xllcorner    -70.832917
yllcorner    -33.606250
cellsize     0.000833
NODATA_value -9999.000000
[rows 252 to 293 of 321, columns 94 to 187 of 396]
504 504 504 504 504 505 504 509 509 508 508 509 509 510 511 514 511 512 513 514 516 516 519 521 522 521 522 523 524 524 523 524 525 524 524 527 529 529 530 532 531 532 533 533 534 538 538 537 538 539 537 539 540 541 540 543 542 544 545 546 547 551 551 550 552 552 550 550 552 555 556 557 559 558 560 563 564 563 564 562 565 564 565 567 568 568 569 569 568 571 572 573 573 573
502 502 503 505 506 506 510 509 507 509 509 509 509 511 513 514 511 513 515 517 517 514 515 518 522 523 524 523 524 525 525 524 525 524 525 528 528 531 530 532 531 530 536 535 539 538 541 541 539 537 539 536 537 539 541 543 544 545 544 546 548 551 550 550 552 552 553 553 554 555 556 558 561 557 556 559 560 562 563 564 566 567 568 567 567 568 571 571 570 570 573 573 573 575
504 504 502 503 506 506 509 507 509 510 510 510 509 511 513 513 513 516 517 517 517 516 516 517 519 520 522 524 524 525 527 528 526 526 527 528 529 532 532 531 531 532 537 535 535 535 538 541 539 539 539 537 538 543 543 543 540 543 544 546 548 551 549 550 552 551 553 554 555 555 557 559 560 559 559 561 564 565 565 565 565 567 569 567 569 571 569 572 571 571 573 573 575 575
504 504 506 507 507 506 509 508 507 509 508 510 511 512 512 512 515 515 516 515 515 516 513 515 518 521 522 522 523 527 529 528 527 526 526 528 530 528 530 532 533 535 535 534 537 539 539 540 539 539 539 538 541 542 542 542 547 546 545 545 547 550 548 553 553 552 553 555 556 556 557 560 563 560 565 565 564 565 567 567 565 566 567 567 569 569 569 571 573 573 575 574 575 576
503 504 504 506 509 507 508 508 506 510 508 510 512 513 513 513 514 516 517 515 517 517 516 517 518 520 521 522 524 527 529 528 527 527 527 528 529 530 531 531 533 536 534 533 537 538 537 534 541 541 539 537 541 542 543 541 547 547 547 547 548 551 551 553 553 552 554 555 557 559 561 561 561 559 559 561 563 564 564 565 567 568 568 570 569 567 569 572 572 574 576 575 575 576
506 506 508 508 508 507 509 509 509 510 510 510 511 513 513 513 515 517 516 517 516 517 516 517 517 518 521 525 526 526 527 528 526 526 527 528 529 532 532 535 533 535 535 535 537 538 537 534 539 540 543 542 540 544 543 544 544 546 546 547 549 551 549 551 553 555 556 557 557 558 560 559 559 561 565 563 565 564 564 565 565 569 569 570 567 566 568 571 573 574 574 574 576 575
502 506 511 511 509 509 508 507 510 511 510 510 512 512 513 514 516 516 516 517 516 517 517 518 518 519 521 524 525 525 527 528 527 528 527 528 530 531 532 532 534 535 533 534 539 537 536 540 544 545 543 543 545 545 545 545 545 547 548 549 549 550 549 551 555 556 557 560 557 555 554 558 560 562 564 563 562 563 563 567 565 566 569 567 566 563 563 569 573 572 573 576 576 577
505 508 506 505 509 513 508 509 512 511 511 513 513 513 514 515 515 516 517 517 519 519 519 518 519 520 521 523 526 524 524 525 526 528 529 530 530 530 533 534 536 536 536 536 539 538 537 540 544 553 549 543 541 546 547 545 547 551 551 550 549 549 549 552 554 557 559 560 558 558 557 559 558 562 564 564 563 565 564 564 565 567 569 568 571 567 569 568 575 575 576 578 580 580
509 506 504 504 506 510 510 511 510 511 512 514 513 515 517 517 515 517 517 518 520 521 521 521 521 521 520 522 524 525 526 525 526 529 528 529 530 530 533 535 535 535 538 538 536 539 539 540 541 545 544 541 542 546 547 544 548 553 550 549 549 549 552 552 552 555 556 557 558 559 560 559 560 561 562 563 566 567 566 566 564 566 570 569 571 576 570 566 568 574 576 580 583 583
506 505 506 505 505 507 508 510 510 512 513 512 514 515 516 516 518 518 518 519 520 520 521 522 522 521 521 524 523 526 527 526 526 527 529 529 531 532 533 535 535 536 539 537 538 539 541 539 540 542 543 542 544 544 545 547 549 550 550 550 550 549 553 554 553 554 556 556 558 560 562 559 562 563 563 565 567 567 568 565 568 566 566 572 576 570 569 569 570 575 579 580 582 581
505 505 506 507 506 507 509 509 512 514 515 514 516 516 516 518 518 519 519 520 520 518 520 521 522 523 523 525 524 527 527 526 527 530 529 530 533 533 534 536 536 535 537 537 540 539 539 540 542 540 543 544 544 546 546 548 549 548 549 553 553 553 553 552 552 551 548 547 557 563 560 561 561 563 563 564 566 563 566 566 566 566 569 568 572 568 571 575 576 576 578 578 580 580
504 505 506 507 510 510 509 511 513 515 514 514 516 516 516 517 517 518 521 521 520 521 521 522 522 523 522 525 525 527 528 527 526 528 529 532 533 533 534 533 533 535 537 539 542 541 540 540 543 543 544 545 545 545 547 547 548 548 550 553 552 552 552 553 555 550 544 544 556 559 559 561 561 561 564 564 564 563 562 567 568 567 572 572 572 571 575 574 579 577 577 578 581 582
503 505 506 507 508 510 511 512 514 515 514 515 517 516 517 517 517 518 519 521 522 520 521 523 525 526 524 524 526 527 527 526 527 529 529 531 531 534 534 533 534 536 537 539 540 542 541 540 542 542 544 545 547 548 549 549 549 550 552 553 554 554 553 553 553 545 538 540 546 557 559 562 561 561 563 565 565 565 564 570 569 566 570 572 571 573 577 576 578 579 577 578 580 581
504 506 507 506 508 509 511 511 512 512 514 516 516 517 517 518 518 520 519 521 521 522 523 524 525 525 525 525 525 525 527 528 528 529 529 533 532 534 535 534 533 536 537 538 539 540 541 541 544 544 545 546 547 548 548 549 549 551 554 555 553 554 557 557 555 556 555 555 553 557 559 561 561 562 565 566 567 568 565 565 571 571 571 573 576 575 576 576 576 579 579 579 580 579
505 506 507 507 510 510 512 512 513 512 513 514 515 516 515 517 518 519 520 520 520 523 523 523 523 524 523 525 525 525 527 527 528 530 528 529 532 534 537 537 537 538 537 538 539 539 540 543 543 544 545 547 547 548 547 549 551 550 551 552 553 554 554 556 558 556 557 559 559 560 559 560 560 563 569 566 567 567 567 567 574 571 572 573 571 571 576 579 579 580 578 578 580 581
506 506 508 507 509 510 511 512 513 514 514 514 516 516 515 517 519 519 519 519 521 524 523 523 525 525 524 524 526 528 527 528 528 529 529 530 530 535 536 534 538 538 538 539 541 542 542 544 544 544 545 545 548 548 548 549 549 550 551 550 553 554 554 558 557 556 559 560 562 561 561 560 560 561 565 564 566 566 568 569 568 568 568 567 571 574 576 579 577 579 577 579 581 582
503 505 507 508 508 509 512 512 512 514 515 516 517 516 516 519 520 519 520 519 520 522 522 522 523 523 525 523 523 528 529 530 528 529 530 529 531 534 535 535 536 538 538 538 540 541 542 543 545 546 547 548 549 550 550 550 551 550 552 551 553 554 555 559 563 563 562 562 563 560 559 558 560 564 564 566 567 563 568 568 567 575 575 574 576 577 580 580 579 579 578 580 581 582
505 506 506 510 510 509 510 512 512 514 515 516 517 516 518 519 519 518 519 520 521 520 520 521 522 525 526 526 525 525 529 527 528 529 531 532 531 532 534 537 536 538 538 538 540 542 543 544 545 548 549 550 550 551 552 553 551 553 555 554 554 554 556 558 559 561 562 562 566 564 562 563 565 568 567 566 567 567 567 566 567 573 571 573 575 580 583 579 578 578 579 581 581 582
504 505 506 509 509 509 511 512 512 514 515 515 516 517 518 518 518 517 520 520 521 521 520 523 524 526 526 526 527 527 527 528 530 530 531 531 531 532 535 536 537 539 539 539 540 542 543 545 545 546 546 550 551 551 552 553 552 554 554 552 554 555 556 558 560 563 562 564 565 564 565 565 568 565 565 565 566 567 567 566 571 574 573 575 576 577 576 578 578 581 580 580 581 582
505 507 507 508 509 510 510 512 511 511 513 514 516 517 518 518 518 518 520 520 521 522 524 525 525 528 529 528 528 529 528 527 528 531 533 533 534 534 534 535 536 537 539 539 539 540 544 544 543 542 545 549 550 552 555 554 553 555 554 554 556 555 557 557 560 563 562 563 563 564 565 566 569 568 569 566 565 566 568 565 568 575 577 577 577 577 577 578 578 580 581 581 583 582
505 507 508 509 510 510 510 513 512 511 512 513 515 515 516 517 519 521 520 521 520 522 524 523 524 528 528 528 528 528 529 531 530 530 528 533 533 534 533 534 536 538 540 541 541 542 543 545 547 545 544 548 549 550 549 551 553 555 556 557 557 556 557 557 558 561 562 562 564 565 566 566 567 565 565 566 563 564 566 568 570 575 576 578 578 577 579 579 579 580 581 582 583 583
507 506 509 508 509 509 509 512 513 513 514 515 514 513 514 517 519 520 522 522 521 522 524 523 526 528 527 527 529 530 531 534 535 531 532 534 534 535 536 536 538 540 539 541 541 542 544 547 546 548 546 548 549 549 551 552 554 556 558 559 557 557 557 557 558 560 561 562 563 564 566 567 568 567 570 566 565 569 567 568 573 576 577 578 579 579 579 581 581 581 581 582 584 585
506 504 506 507 509 509 510 511 512 513 513 514 515 515 515 518 518 519 520 521 522 524 522 523 528 528 528 527 529 532 533 533 535 534 536 536 533 535 537 539 539 541 539 541 542 543 545 547 546 546 548 548 549 550 551 550 551 555 556 558 558 558 559 558 559 561 561 562 560 564 564 565 571 572 570 569 565 569 570 572 576 577 577 577 577 577 578 581 582 581 581 582 584 583
505 504 504 504 507 511 511 511 512 513 512 513 515 515 518 517 517 518 520 521 523 525 525 526 525 526 526 527 527 530 532 538 540 545 542 533 534 536 538 539 537 538 538 539 541 542 543 546 548 548 547 548 548 548 550 550 552 554 555 558 557 557 558 559 558 559 561 562 561 566 566 569 567 564 568 567 568 566 571 571 574 576 575 576 576 578 579 580 581 581 582 583 583 583
503 505 503 505 505 509 510 511 512 513 512 511 514 515 516 517 517 518 519 520 523 524 524 525 524 526 527 527 527 531 533 551 566 578 568 543 535 534 535 540 538 540 540 540 540 542 541 543 547 550 548 552 558 555 550 550 550 553 554 557 555 555 557 559 558 560 563 561 560 564 565 567 568 567 569 563 569 570 572 573 576 576 575 576 577 578 578 580 581 581 582 582 585 586
503 504 504 506 506 508 510 511 512 512 514 514 511 515 515 518 517 519 518 519 521 522 524 524 525 527 527 527 527 531 539 546 556 574 575 549 536 536 545 550 543 540 541 541 542 543 543 544 548 549 549 548 554 553 551 551 553 553 554 555 554 556 558 558 558 561 562 562 563 566 566 566 567 570 570 568 567 571 573 574 575 576 575 576 577 576 577 580 581 582 582 584 585 585
505 505 506 505 506 513 523 530 524 513 513 514 514 513 513 517 516 517 519 520 521 521 523 524 523 526 527 527 530 535 543 543 544 553 560 542 536 537 546 547 543 541 541 542 543 544 544 545 545 547 546 551 551 550 550 552 553 550 552 553 554 556 557 558 560 562 561 562 562 566 566 566 564 564 567 568 570 572 572 574 575 576 577 577 578 579 579 580 580 582 584 584 584 586
503 502 503 505 513 531 560 571 545 517 512 514 510 513 516 516 516 517 517 521 522 523 522 524 524 525 525 528 532 538 544 538 538 546 547 539 538 537 541 540 541 543 543 544 544 546 546 545 546 549 549 549 549 549 550 551 553 552 552 554 555 556 557 556 560 562 561 562 562 563 564 565 567 566 567 566 570 574 575 573 573 573 576 577 577 578 577 579 581 581 582 583 585 585
506 509 516 518 528 555 577 563 534 515 512 516 512 512 515 516 516 517 518 519 520 522 521 522 524 525 525 529 542 547 540 534 541 553 542 538 540 536 538 539 539 541 544 543 545 545 547 545 547 549 548 550 551 552 553 552 553 555 553 554 555 556 558 558 560 561 561 562 564 565 566 566 568 568 567 568 571 574 575 573 572 574 576 577 577 578 577 578 580 580 582 585 585 584
516 529 546 555 565 583 572 538 516 511 511 512 513 515 515 515 517 518 518 520 521 521 521 521 522 525 528 540 563 565 547 540 554 562 546 540 539 537 539 540 540 541 543 542 545 546 548 550 547 547 549 548 550 552 554 552 554 556 555 557 557 557 558 559 560 562 562 563 563 565 567 567 566 566 566 570 572 573 573 574 573 574 576 577 577 579 580 579 581 581 583 585 585 585
527 548 587 607 619 610 571 534 521 514 510 514 514 515 515 516 518 519 517 518 519 519 522 522 524 525 536 565 593 582 560 560 571 582 555 539 539 540 539 540 541 542 544 545 545 546 546 548 547 547 549 549 551 551 552 553 556 558 557 558 557 557 558 559 561 562 563 562 564 566 567 567 569 569 569 570 572 574 574 575 575 576 576 576 577 578 579 581 582 583 583 583 582 582
542 558 598 641 658 638 594 562 549 526 513 510 511 514 514 514 516 518 519 519 519 521 522 528 539 540 549 575 614 601 595 596 596 576 549 542 540 541 540 539 541 542 543 544 545 545 548 547 546 547 551 549 552 552 552 554 556 556 558 558 558 558 559 561 562 563 562 562 564 566 567 568 570 571 573 572 574 573 573 574 576 577 577 578 577 577 579 581 582 583 583 584 584 585
567 574 596 641 676 667 635 613 589 550 518 511 512 515 513 514 516 516 517 517 520 521 522 532 552 569 586 602 639 631 624 606 582 558 541 542 540 541 542 540 541 541 543 543 545 544 547 548 548 548 551 552 553 553 554 555 554 556 558 558 559 561 561 561 561 564 563 563 564 566 568 568 569 571 572 573 574 574 572 575 575 576 577 578 578 579 580 581 582 582 584 583 586 589
605 605 621 660 693 685 640 603 572 535 515 514 515 515 514 514 515 516 516 516 517 519 525 528 540 559 591 629 661 646 619 586 558 546 539 541 540 543 542 542 542 542 544 544 544 545 547 549 548 550 550 554 554 555 555 555 556 558 559 558 559 559 563 565 563 563 564 564 565 569 568 569 568 572 573 573 571 573 573 575 576 576 577 579 578 578 580 581 582 583 585 585 585 587
644 658 671 697 713 679 629 584 548 524 518 518 516 516 517 516 517 517 517 517 518 523 526 527 538 552 578 619 659 654 625 585 555 543 541 542 542 543 544 544 542 543 543 545 545 545 547 547 550 552 554 555 553 553 555 555 557 557 558 558 559 561 563 563 563 563 564 567 568 570 569 569 571 573 573 573 573 574 576 576 576 576 578 579 579 581 581 585 586 583 584 586 586 586
662 701 732 749 738 691 645 594 558 532 526 522 518 518 520 518 522 525 522 527 526 528 533 539 551 570 595 636 677 657 616 579 554 542 542 543 544 543 544 543 545 545 545 545 546 546 548 547 549 552 553 553 554 554 555 556 559 558 558 558 560 562 561 562 564 565 565 566 568 570 569 569 571 573 574 573 574 575 577 578 578 578 577 578 580 582 581 588 589 581 585 588 588 589
668 720 764 769 731 700 661 619 581 542 529 525 521 520 523 524 524 528 527 537 550 548 550 553 571 601 636 666 686 654 607 572 549 542 543 542 543 545 543 543 545 545 546 546 546 547 548 549 550 552 553 553 555 554 556 555 558 560 559 561 560 562 562 562 565 565 566 568 567 569 569 570 571 573 573 575 575 576 576 577 577 579 578 579 579 580 580 585 584 585 586 588 587 588
680 728 768 750 709 674 645 613 578 546 536 530 526 523 526 526 529 531 532 540 563 583 583 579 596 625 661 695 689 648 601 573 553 548 546 544 545 546 544 545 544 546 545 548 549 548 547 548 550 554 554 553 555 555 557 558 557 558 559 559 561 561 563 563 564 565 565 568 569 569 570 570 571 573 572 575 575 577 576 576 578 578 581 581 582 581 581 581 583 585 587 589 589 590
695 740 762 729 679 644 615 591 562 548 545 538 530 527 530 530 535 536 540 542 557 593 618 624 630 653 691 708 683 639 591 569 559 551 547 545 544 544 546 544 544 548 547 549 550 549 549 550 552 555 555 554 555 556 558 559 560 559 560 560 562 563 563 564 565 566 569 570 570 571 571 571 570 573 573 574 573 575 576 577 580 579 579 581 582 584 583 582 584 586 587 588 588 591
727 751 757 713 658 620 594 580 565 557 552 547 542 537 537 539 541 542 548 550 561 587 621 654 679 696 723 721 670 626 588 566 555 552 550 545 544 546 548 546 546 547 548 550 551 551 550 552 552 554 553 555 556 557 558 559 561 561 561 561 562 562 564 565 566 566 566 569 568 571 570 572 574 573 573 575 574 576 576 578 579 580 580 580 582 584 583 584 585 586 587 587 588 590
698 721 734 719 668 631 622 598 578 574 579 585 576 562 553 546 549 550 551 553 562 578 601 640 675 718 739 695 652 610 585 570 560 552 550 550 547 547 547 546 548 547 549 549 551 551 550 552 553 553 554 555 556 556 559 560 559 561 562 563 563 562 564 567 569 568 569 569 570 571 571 573 575 574 573 575 576 578 576 579 581 583 582 581 582 583 584 586 586 586 587 589 590 592
645 666 698 714 699 678 650 613 594 601 624 636 620 605 584 559 556 558 559 559 574 594 606 628 663 711 734 701 658 614 591 577 565 559 553 552 549 547 547 547 552 551 550 553 550 549 550 551 555 554 554 555 557 557 557 558 559 562 563 563 563 564 564 567 567 566 569 568 572 573 572 574 575 574 574 576 577 577 577 579 579 579 580 581 582 583 584 587 588 587 587 588 589 592
