data/malla_topo.txt
ncols        396
nrows        321
xllcorner    -70.832917
yllcorner    -33.606250
cellsize     0.000833
NODATA_value -9999.000000
[rows 0 to 41 of 321, columns 0 to 93 of 396]
482 481 479 478 476 478 479 479 478 479 481 478 479 480 479 480 480 479 477 478 478 482 479 479 479 479 478 479 479 479 478 477 477 478 479 479 479 479 480 479 480 480 479 480 480 480 480 479 479 477 478 479 478 479 479 479 479 480 479 479 478 479 478 480 478 480 479 483 481 480 479 482 481 479 483 482 480 481 482 484 481 480 483 482 483 483 482 483 482 482 482 484 483 485
480 478 475 478 478 479 479 479 478 479 479 479 480 479 478 478 477 478 477 477 478 479 481 480 478 478 478 479 480 480 478 478 478 479 479 479 480 479 479 478 479 481 479 479 479 479 479 479 478 479 476 477 478 480 479 479 479 480 479 480 480 479 479 481 479 480 478 481 480 480 481 480 480 479 482 482 480 479 481 482 481 482 483 482 484 485 482 482 482 483 481 482 484 485
480 482 478 476 479 479 478 479 478 477 478 477 479 480 479 478 478 478 478 478 478 477 480 479 478 479 479 479 478 478 478 478 479 479 479 479 480 480 481 479 480 479 479 479 479 482 484 481 480 478 479 478 479 480 481 479 479 480 479 479 478 479 481 481 479 478 476 477 480 480 480 480 480 480 482 484 481 480 480 482 481 480 482 482 484 483 484 481 482 481 482 482 484 483
479 480 480 477 476 478 477 477 476 478 480 479 480 478 479 479 478 478 478 481 480 478 479 478 479 479 479 479 478 478 479 478 479 478 478 479 478 479 481 479 478 480 479 479 483 494 497 487 482 479 479 478 479 479 477 478 480 479 480 478 480 481 481 479 479 481 479 480 481 478 479 481 479 480 479 479 481 481 480 484 481 479 482 484 483 482 484 482 482 482 484 484 484 484
477 478 479 476 477 480 480 478 478 478 479 479 478 478 479 478 477 478 479 482 480 479 477 480 479 478 478 479 478 478 478 478 479 480 475 477 478 480 479 480 478 479 480 480 485 497 504 496 481 478 478 478 479 479 478 481 481 480 479 477 478 476 478 478 478 477 479 481 480 478 481 479 480 479 481 483 482 482 480 481 480 480 483 484 484 483 484 483 484 485 486 486 483 483
477 477 478 478 481 479 479 478 478 479 480 477 479 478 479 479 478 479 478 480 480 479 479 480 480 478 480 479 476 478 479 479 477 479 477 477 478 478 479 479 478 480 480 480 491 503 506 492 480 477 478 480 478 478 479 478 479 477 479 478 480 480 480 480 480 479 479 481 479 479 480 480 479 481 482 481 480 482 482 482 481 482 480 482 483 483 483 481 485 486 484 483 483 483
477 477 479 477 478 478 478 477 479 478 479 480 478 479 479 479 478 479 479 480 479 478 477 480 478 480 479 478 478 476 478 479 478 478 478 478 480 480 479 479 479 478 479 484 492 499 489 482 478 479 477 477 479 479 477 477 479 478 476 479 478 479 480 480 480 479 479 482 479 480 482 481 481 480 482 483 482 482 482 482 482 480 480 481 482 482 482 482 483 485 482 482 483 485
478 478 479 478 479 480 479 479 478 478 478 478 476 477 478 478 478 478 478 480 480 480 478 479 477 478 479 478 478 478 479 477 477 478 478 480 481 480 479 478 480 480 493 498 484 483 481 479 481 480 478 478 480 477 478 478 479 476 479 480 478 480 479 481 480 478 480 479 480 480 481 479 481 481 480 482 483 484 481 480 481 481 482 478 480 482 483 483 485 484 483 483 483 483
478 478 476 477 480 480 478 478 479 478 476 476 478 479 477 478 478 478 478 480 481 481 480 481 478 478 478 479 479 481 478 477 477 478 477 478 479 479 479 478 479 487 509 504 482 479 478 479 480 479 479 479 478 477 478 478 478 479 478 479 481 480 480 481 479 480 480 480 481 482 482 479 481 481 480 484 484 480 480 481 484 484 482 478 482 483 483 483 484 482 484 483 483 483
476 478 476 476 479 478 479 477 478 479 478 478 479 477 477 478 480 478 479 479 480 479 478 480 478 479 478 477 478 479 478 478 477 477 477 478 477 479 478 478 486 500 507 491 479 478 479 478 478 478 478 478 477 477 478 477 477 479 477 479 479 479 482 479 480 481 482 480 479 482 479 482 482 479 479 481 482 480 480 481 480 481 483 482 480 484 483 483 484 483 483 482 483 484
476 478 476 478 475 476 478 478 477 478 478 478 478 478 478 479 479 478 479 478 479 480 478 479 478 480 479 477 477 478 479 480 479 479 478 478 479 478 479 483 505 514 497 482 477 477 478 481 479 479 477 477 480 481 482 477 477 479 480 479 480 481 482 481 480 479 480 481 481 480 479 481 479 480 480 481 483 481 481 481 480 483 485 485 483 486 484 482 480 482 482 482 481 484
476 475 476 476 475 477 478 478 478 477 477 477 478 479 480 478 477 478 479 478 478 480 482 479 479 477 478 478 477 478 479 479 480 479 479 479 478 478 481 489 509 505 484 479 479 477 478 477 477 479 479 480 479 479 480 478 477 478 479 480 478 478 479 480 480 480 479 480 480 479 478 479 480 481 481 479 480 481 480 482 482 482 480 481 482 482 483 482 481 482 481 482 484 482
478 480 478 477 477 476 477 477 478 477 477 476 477 479 478 477 478 479 479 478 477 479 481 478 477 477 477 478 478 479 478 478 479 478 478 479 481 483 482 480 486 484 480 478 478 476 479 478 478 478 478 477 478 477 477 478 475 475 478 479 477 476 479 477 479 479 481 479 480 482 482 480 479 481 480 480 481 481 480 481 481 480 482 481 481 485 482 480 481 482 480 483 483 482
478 479 477 477 479 477 478 477 478 478 477 477 477 477 477 477 476 476 476 477 478 479 479 478 478 479 478 478 478 478 478 479 481 480 479 478 480 481 482 478 480 480 479 479 479 477 478 477 479 478 478 476 477 478 479 479 477 480 477 479 481 480 480 480 481 480 482 481 482 481 481 479 478 480 481 481 482 481 481 478 479 480 483 483 482 482 481 482 480 483 483 482 484 483
478 480 478 477 478 478 477 477 477 476 476 478 477 477 477 478 477 477 477 478 477 477 480 478 479 480 478 478 480 480 480 481 481 481 480 479 479 479 481 480 480 479 480 478 478 480 479 480 480 479 477 474 479 480 478 479 480 479 475 476 476 479 481 481 480 480 480 479 479 480 480 480 481 480 481 481 481 480 481 481 482 481 480 480 481 482 483 482 482 482 480 481 482 482
477 477 477 476 477 477 476 475 476 476 476 477 476 477 478 476 476 478 478 477 477 477 478 478 479 479 477 477 477 477 479 479 478 479 479 478 480 480 480 479 480 478 479 480 479 480 480 478 479 479 477 477 479 480 479 478 478 480 477 474 477 481 480 478 478 479 480 480 481 482 484 487 486 482 481 479 481 481 481 482 482 481 482 483 483 482 482 482 484 486 482 484 485 483
477 477 475 474 477 476 476 477 477 477 477 478 478 478 476 477 477 477 476 477 478 480 478 478 477 479 479 477 477 476 478 477 477 479 480 479 479 478 479 479 479 479 479 482 483 480 481 478 478 481 480 479 478 480 481 478 478 480 478 479 481 481 478 480 479 479 480 480 482 485 482 488 486 483 481 480 480 481 480 480 480 479 480 483 482 482 483 483 484 485 484 484 484 484
478 476 476 476 477 476 477 476 476 477 476 478 479 476 474 475 478 479 477 478 478 478 477 478 477 479 477 478 478 477 478 479 480 478 478 480 478 478 478 479 479 478 480 482 482 482 480 479 478 480 480 479 478 480 482 478 478 479 479 481 479 480 479 483 482 480 481 481 486 484 485 484 482 481 481 482 481 480 480 480 481 480 480 482 481 481 482 483 484 486 486 484 485 486
475 476 477 475 477 477 477 477 476 477 477 478 478 475 476 478 478 476 476 476 477 478 477 478 477 477 476 479 478 476 479 482 481 480 479 481 480 479 478 478 479 477 480 479 481 482 481 480 478 476 480 480 480 481 480 480 478 478 478 479 480 479 477 481 480 479 479 480 483 482 483 483 482 479 480 482 482 481 480 480 481 479 480 481 481 483 479 480 482 482 482 482 483 484
476 477 476 475 475 476 477 476 476 477 478 478 478 476 477 478 477 477 476 476 477 478 477 477 478 478 476 477 477 477 479 479 479 481 480 482 480 478 478 479 480 479 478 478 480 482 479 477 477 477 477 476 479 479 478 479 479 477 479 477 477 479 479 479 479 480 479 479 479 481 480 481 480 478 480 481 481 480 479 480 480 480 482 482 481 482 481 481 481 481 482 483 483 483
477 477 478 474 475 477 476 475 477 479 479 478 477 478 480 478 476 478 477 477 477 477 477 477 478 479 478 477 477 481 481 478 477 477 478 479 477 477 477 479 478 475 477 478 478 478 477 476 477 475 475 476 478 481 481 479 479 477 478 479 480 482 480 480 479 479 481 482 480 480 480 480 481 482 481 480 479 482 480 480 482 482 482 481 481 481 480 481 481 482 483 483 484 484
477 477 477 477 476 476 476 476 476 478 477 477 477 476 476 478 476 476 476 476 475 476 477 476 476 478 477 478 477 478 475 478 476 475 477 479 476 478 477 479 477 477 477 477 478 478 476 476 477 477 477 476 479 479 480 479 480 480 479 480 480 479 478 479 481 479 480 483 483 482 481 479 481 482 480 480 480 481 481 480 482 480 481 481 481 479 480 481 481 482 483 484 485 484
478 475 476 474 477 476 476 476 477 477 477 477 477 479 479 477 476 476 475 476 477 475 475 477 477 476 475 478 478 479 478 476 477 480 478 478 477 478 477 476 475 478 478 476 479 478 478 478 479 478 478 476 477 479 479 482 481 481 480 478 479 481 479 479 480 480 478 479 481 482 482 479 480 481 481 480 480 480 481 481 482 482 480 481 481 481 482 482 481 482 482 487 494 486
478 477 475 474 476 477 480 477 477 476 476 476 476 478 477 476 476 475 475 476 476 477 477 477 476 477 476 478 478 477 477 478 478 478 476 476 478 478 476 476 477 477 479 479 477 478 479 479 479 479 477 477 476 479 481 484 483 481 479 477 480 480 477 478 479 480 480 480 480 480 480 480 482 480 480 480 480 480 481 482 482 483 481 482 482 482 483 481 482 482 484 492 496 489
476 476 477 477 477 476 477 478 477 477 478 477 476 476 475 475 475 476 475 475 475 477 477 477 478 477 477 478 478 477 477 479 477 478 476 478 478 476 476 475 478 478 480 480 476 479 480 477 477 478 478 478 478 482 482 484 483 481 478 478 479 478 478 478 477 479 479 480 481 481 479 477 479 479 481 480 480 479 481 482 482 484 482 481 483 482 484 483 483 485 487 491 491 489
476 477 478 479 477 477 477 477 475 477 477 477 476 477 475 476 474 476 477 477 476 476 477 478 478 477 478 477 476 475 476 477 477 477 476 478 477 475 476 476 478 478 479 478 475 478 477 477 477 478 479 479 481 480 480 482 480 478 478 477 477 480 478 478 476 478 480 478 481 479 479 480 481 479 482 480 483 480 477 479 482 484 483 481 482 481 482 482 482 483 484 485 485 485
474 475 478 477 476 477 478 477 476 477 477 477 477 477 477 476 476 477 477 477 475 475 478 478 479 477 479 478 477 476 478 477 477 477 476 477 477 477 479 479 478 477 477 478 478 478 476 476 477 477 480 479 480 478 480 480 480 479 481 480 479 480 481 479 477 478 479 478 481 479 477 480 481 478 481 480 480 481 480 480 481 481 481 481 480 481 481 482 482 483 483 482 483 485
475 474 477 477 476 477 477 476 476 478 476 476 476 477 476 476 476 476 475 476 475 476 477 477 477 477 475 476 476 477 476 477 477 478 476 476 477 476 475 477 477 479 479 478 478 476 476 476 476 478 480 480 479 478 478 480 478 479 478 481 479 477 478 479 479 480 479 479 477 479 478 478 478 479 480 481 481 481 481 479 481 483 482 481 483 481 480 481 482 480 482 484 485 485
477 476 476 476 476 477 477 476 476 477 476 476 476 477 475 475 475 473 476 476 476 476 477 477 476 477 477 477 476 476 476 475 477 479 478 477 477 475 473 476 477 477 478 478 477 476 477 477 476 477 478 476 478 480 476 478 480 479 478 479 479 477 478 480 479 479 478 477 479 480 482 480 480 480 478 480 480 480 481 481 483 483 482 483 483 482 481 481 482 480 483 482 484 484
476 475 475 475 474 476 478 475 475 475 475 478 476 474 475 476 476 475 478 478 478 478 476 477 478 477 477 477 476 476 476 477 477 476 476 476 475 476 475 477 478 477 477 479 477 478 478 477 478 477 477 477 479 483 480 478 478 479 480 479 478 478 479 478 478 478 479 478 479 480 479 479 482 481 480 480 480 481 483 482 482 481 482 483 481 484 484 482 482 482 483 482 484 485
475 475 476 477 476 476 477 475 475 475 477 476 476 474 476 477 477 477 475 476 477 477 477 477 477 475 477 477 476 476 476 476 475 476 475 476 476 475 476 478 478 478 476 477 478 478 478 478 477 476 478 478 479 480 479 478 479 479 477 477 477 477 479 477 477 478 480 481 479 478 479 477 480 482 480 479 480 481 480 481 482 480 480 480 481 482 484 484 482 481 483 483 481 483
475 476 476 476 476 477 476 475 476 475 476 476 475 476 477 476 476 476 476 476 476 475 478 478 477 476 476 475 476 477 477 475 477 477 477 477 477 478 477 477 477 476 477 477 476 476 475 478 477 476 477 477 479 477 477 480 479 478 479 477 477 477 479 478 478 480 479 479 479 480 480 479 480 482 480 480 481 480 478 478 479 481 480 481 482 481 482 486 486 482 482 481 482 483
476 476 475 474 476 476 475 474 475 475 475 476 474 476 477 476 477 475 475 475 475 476 477 477 477 476 476 476 476 478 477 476 476 476 477 476 476 477 477 477 476 477 476 478 478 478 477 477 477 476 476 478 476 478 480 479 476 478 479 479 479 479 478 478 479 480 479 478 479 479 480 481 481 480 479 480 480 480 478 478 479 480 481 481 481 482 483 485 483 483 483 483 483 483
475 475 476 475 474 475 477 475 475 475 475 475 474 476 475 474 475 475 475 476 476 476 476 476 476 476 475 476 477 477 476 477 475 474 476 477 475 475 474 474 476 477 477 477 477 478 478 478 478 479 479 476 476 479 479 479 477 477 477 478 480 479 478 478 480 480 477 478 479 480 479 479 480 480 478 481 485 484 484 485 483 482 482 483 481 483 484 484 482 482 483 483 483 483
475 474 475 475 476 476 475 475 476 475 476 474 474 474 476 477 475 475 475 475 476 474 475 474 475 476 476 477 476 477 476 479 476 475 479 478 476 478 475 476 477 476 477 476 476 478 479 478 479 479 478 478 478 478 477 478 478 479 479 479 481 480 479 479 479 478 477 478 479 479 480 481 482 480 480 484 483 480 481 481 481 479 482 481 484 485 482 482 481 481 482 482 482 483
475 474 475 475 476 475 475 475 476 475 475 475 478 475 475 476 475 475 476 476 477 475 476 476 476 476 478 479 477 475 475 478 478 477 478 476 478 477 476 475 476 476 475 476 476 477 478 478 478 478 478 478 478 478 477 479 479 478 479 482 483 480 481 482 480 480 479 479 480 481 480 480 481 479 480 481 482 480 479 480 480 479 482 483 483 483 484 484 482 481 482 483 482 483
474 473 474 475 475 475 474 475 476 474 474 474 475 475 474 474 474 477 476 475 476 476 476 476 477 477 477 477 475 475 475 477 476 476 476 475 477 476 476 476 477 477 475 476 476 477 478 478 477 476 478 480 479 478 478 476 478 478 478 480 481 481 483 482 482 482 480 480 482 480 480 481 482 482 478 482 484 482 481 481 481 483 483 481 481 482 483 483 481 481 482 481 482 485
474 475 474 474 475 477 476 476 476 475 471 474 476 474 474 475 475 475 474 474 474 475 476 476 475 477 475 474 475 476 476 476 476 476 476 476 477 477 477 476 478 477 477 478 477 476 476 478 478 477 477 479 478 478 479 477 474 475 478 479 480 482 481 482 483 483 483 482 480 479 482 482 482 482 482 482 482 482 480 482 484 481 480 480 481 483 482 481 483 482 483 483 483 485
474 473 473 475 475 474 475 474 475 474 473 474 474 474 474 475 475 475 474 475 474 474 474 474 475 476 475 475 476 475 476 476 477 475 476 476 477 477 478 477 477 477 477 476 476 477 476 478 478 477 477 477 477 476 479 478 476 478 479 478 478 476 478 481 482 482 481 479 479 481 482 481 481 483 484 484 482 481 482 482 480 478 480 482 484 484 482 482 483 485 485 483 483 483
473 474 475 474 475 475 475 475 476 476 475 475 474 475 474 475 475 474 474 473 474 475 475 475 475 476 477 475 474 474 476 475 475 475 475 475 475 475 477 477 476 476 476 476 476 477 477 477 478 477 478 478 478 478 478 480 480 480 479 478 477 475 476 480 480 479 479 480 481 480 480 479 481 481 482 482 483 484 485 484 480 480 480 480 481 482 483 482 483 485 485 485 485 483
473 474 475 474 475 474 476 476 476 477 475 476 476 475 474 476 475 475 474 474 475 476 476 475 475 477 475 476 475 475 475 476 475 475 475 476 477 477 477 477 477 477 476 477 477 476 477 477 477 476 477 478 478 478 478 477 479 480 479 479 478 476 476 479 477 477 480 481 479 480 481 479 481 481 482 483 482 482 484 486 485 483 481 483 481 480 482 482 484 484 485 485 484 486
476 476 475 474 474 473 476 476 475 476 475 474 476 474 474 475 476 475 475 474 474 474 475 475 476 476 475 476 474 475 475 476 476 477 477 475 476 477 478 477 478 479 478 476 477 476 476 476 476 476 476 476 476 478 478 479 480 480 479 481 480 478 477 478 478 479 480 481 480 482 481 479 481 483 482 481 482 482 483 483 483 482 481 483 483 483 485 485 486 483 482 483 483 482
