data/malla_topo.txt
ncols        396
nrows        321
xllcorner    -70.832917
yllcorner    -33.606250
cellsize     0.000833
NODATA_value -9999.000000
[rows 126 to 167 of 321, columns 282 to 375 of 396]
606 611 608 608 606 608 610 611 611 611 614 614 613 617 618 618 618 618 619 619 621 621 621 621 623 626 628 629 631 631 632 631 632 632 635 638 641 649 644 642 642 645 646 646 647 648 650 650 651 652 654 655 656 658 659 660 662 663 665 666 668 671 673 674 676 679 681 683 687 688 691 694 697 698 701 705 708 710 714 719 722 725 728 731 734 739 744 750 760 767 779 789 799 811
604 608 608 608 607 606 610 609 609 610 613 613 612 615 616 616 618 617 618 620 621 620 621 622 623 623 626 629 631 631 634 632 633 633 633 635 638 642 643 640 643 645 646 646 646 649 647 648 650 651 652 653 654 656 658 660 661 663 664 666 668 669 671 673 676 677 680 683 685 687 690 694 694 696 699 703 706 709 713 716 719 722 724 729 732 737 742 748 758 765 776 788 805 813
602 606 607 605 608 609 608 609 610 609 610 610 612 615 613 615 618 618 617 620 619 619 620 622 626 623 626 627 630 630 629 630 632 633 633 636 637 636 638 641 643 640 643 644 645 647 648 648 649 650 652 652 653 655 658 659 660 661 664 665 667 669 671 672 675 677 679 681 684 686 689 691 693 696 697 703 704 707 711 711 716 719 721 726 729 734 740 745 754 763 776 792 811 818
602 605 606 604 607 608 608 607 609 609 609 610 612 611 611 614 615 615 616 616 618 619 619 621 623 624 626 626 628 628 630 630 632 633 635 635 635 636 636 641 642 641 641 642 643 645 646 647 648 649 649 650 653 653 656 659 658 659 661 663 667 668 670 673 674 674 677 679 683 685 686 689 692 692 695 700 702 703 708 709 713 715 718 723 726 731 738 742 750 761 776 795 807 816
601 601 603 604 606 605 606 606 608 609 609 608 611 613 612 611 611 613 615 616 618 619 620 621 622 622 623 625 626 625 628 631 636 633 634 633 634 636 636 636 640 641 640 640 641 644 645 646 648 650 651 652 652 652 655 658 658 659 661 662 665 668 670 670 673 675 676 678 679 681 685 688 690 687 692 696 698 701 705 709 712 714 717 722 726 730 735 741 750 764 779 795 803 814
600 601 603 604 604 604 604 605 605 608 609 608 609 611 609 611 611 612 612 616 618 618 620 620 619 620 621 622 624 624 629 629 631 630 630 631 634 634 635 635 637 638 641 641 641 642 643 645 646 647 649 650 651 651 653 657 657 658 660 661 664 667 669 670 673 673 675 676 678 680 683 682 686 690 692 695 697 700 702 708 708 710 715 719 727 731 738 746 754 766 781 792 797 807
599 602 601 600 601 603 602 604 604 606 607 608 608 608 609 610 612 612 614 616 618 618 618 619 621 620 621 621 623 624 627 628 628 630 629 630 634 633 635 635 637 637 639 640 640 641 642 644 645 646 647 647 650 650 652 656 656 657 658 659 662 665 667 669 670 673 673 674 677 680 682 683 683 687 690 693 694 696 700 703 704 709 713 719 725 733 739 748 756 766 782 791 798 809
599 601 599 600 602 605 602 603 603 606 605 606 608 608 606 611 611 613 614 615 617 616 617 618 619 619 619 622 622 622 624 625 628 628 628 629 632 631 633 634 635 636 638 639 639 640 641 641 642 644 647 648 650 650 651 652 655 655 657 660 661 661 663 668 668 670 671 674 676 680 679 681 683 686 690 691 692 695 695 701 705 711 715 720 724 730 738 746 751 760 776 792 804 810
597 598 598 600 605 603 603 605 605 605 605 605 606 608 607 608 610 610 612 613 615 616 617 616 618 619 621 621 622 621 622 625 625 626 628 627 630 630 630 632 633 635 636 637 636 638 640 640 643 642 643 647 648 648 649 653 654 655 656 659 660 661 664 664 666 668 670 672 676 679 680 683 685 685 688 690 692 694 695 698 701 707 712 719 723 730 738 746 753 759 772 794 804 813
597 598 597 598 599 601 600 603 602 604 604 605 605 607 606 607 610 611 611 613 613 614 615 614 618 618 620 621 620 621 624 625 624 626 628 628 628 629 631 633 634 635 636 637 637 638 641 644 642 642 643 646 647 648 650 650 653 655 656 656 657 659 662 661 664 666 669 670 673 676 677 680 682 685 687 688 690 690 694 697 700 708 713 719 724 731 739 750 759 764 778 791 804 818
595 597 598 599 600 603 599 602 605 604 604 603 605 607 607 608 608 609 609 611 612 615 615 615 617 617 618 622 620 622 622 624 624 624 624 628 627 630 632 633 634 634 635 635 635 637 640 643 639 641 643 645 646 648 649 649 649 653 654 654 657 664 662 659 664 666 668 670 671 675 677 680 682 685 686 688 688 693 697 699 702 707 714 719 726 735 741 749 757 767 777 786 799 813
593 596 600 600 597 597 598 601 602 604 603 605 606 605 606 608 609 609 610 609 611 613 613 613 614 616 618 619 621 621 621 623 624 623 624 626 626 627 629 630 631 633 632 634 635 636 638 640 640 640 642 645 645 646 646 649 649 652 653 655 657 659 660 661 663 665 667 669 670 673 675 678 679 682 683 684 687 692 696 699 704 707 714 722 727 738 745 754 762 770 781 789 799 808
592 594 594 594 596 598 597 600 599 600 603 604 603 604 604 606 608 609 609 609 610 612 618 614 614 615 618 616 618 617 620 620 621 622 623 623 625 627 628 630 630 632 632 633 634 635 636 637 639 641 641 643 644 646 646 647 647 650 651 654 652 656 654 659 662 664 665 666 670 671 674 675 676 679 681 683 687 691 695 701 705 711 718 725 733 740 747 755 766 774 782 793 802 813
592 593 593 595 597 600 599 598 599 600 601 601 600 604 603 606 608 608 610 609 612 612 614 614 613 615 617 616 616 617 618 619 620 621 623 624 624 626 627 629 629 631 630 632 633 634 635 636 638 640 639 641 643 644 645 646 647 649 650 654 655 654 654 660 662 661 665 667 668 669 673 675 674 677 680 682 687 693 697 702 707 713 721 727 736 744 750 756 768 777 786 795 808 818
592 596 599 600 596 599 601 598 598 600 602 601 604 603 602 604 605 607 609 613 612 611 613 611 612 615 614 614 615 616 618 620 620 620 623 623 624 626 626 626 626 628 628 632 633 633 635 635 637 639 640 642 641 643 645 646 646 648 650 651 658 653 655 659 659 661 663 665 666 667 670 673 674 676 679 684 688 693 697 703 709 714 722 727 735 744 751 757 768 776 783 792 804 811
591 593 595 595 596 598 598 598 597 599 600 602 604 602 603 604 604 607 611 611 612 608 611 610 612 614 619 617 615 616 617 619 620 620 620 622 622 625 625 626 626 628 629 630 631 632 635 635 635 637 640 641 639 642 642 644 647 648 648 650 649 655 658 658 659 660 661 663 665 667 669 672 674 678 681 684 687 693 699 702 708 715 722 728 736 743 750 756 769 776 782 790 801 811
590 592 592 593 595 597 596 599 599 598 600 600 602 601 602 602 603 606 610 612 609 607 609 610 611 611 616 615 614 615 616 618 618 619 620 621 623 625 624 625 624 627 627 628 629 631 632 633 635 636 638 643 641 642 642 644 646 647 648 648 647 654 654 656 657 659 660 662 664 666 669 673 676 679 684 685 689 694 699 703 708 715 723 729 736 743 752 758 768 777 787 797 807 818
589 591 591 592 593 594 595 596 597 599 599 599 599 600 602 601 601 605 610 612 607 606 607 608 607 610 611 612 612 616 616 616 617 618 620 620 622 624 624 625 624 625 626 628 629 629 630 631 633 634 635 638 645 642 641 642 643 645 646 646 646 650 652 655 654 656 659 661 662 668 670 674 678 679 684 686 691 695 698 703 709 715 722 728 735 743 750 761 770 780 791 804 813 821
590 591 591 593 594 593 596 594 596 598 598 599 600 600 602 602 602 604 604 605 606 608 607 608 610 611 611 610 612 616 615 616 614 617 618 619 621 620 623 623 624 626 625 626 628 630 630 631 633 634 635 636 640 641 640 641 643 644 644 646 649 650 652 654 653 655 656 659 663 667 672 676 680 680 684 686 693 699 701 706 712 715 723 730 736 743 752 761 769 779 788 800 810 821
591 592 592 593 595 594 594 594 595 595 598 600 600 600 601 600 602 603 604 605 609 609 605 606 609 610 610 611 613 614 615 616 616 617 617 618 618 619 619 622 623 624 626 627 627 629 630 630 630 633 635 635 636 640 643 641 642 645 643 643 648 647 649 651 653 655 656 659 662 667 672 677 678 682 686 690 695 702 706 710 716 720 723 731 740 746 752 758 767 775 785 794 805 814
589 592 593 591 591 593 593 593 595 596 597 597 597 598 599 600 601 602 600 602 605 606 606 606 608 609 609 610 613 613 614 615 615 617 616 616 616 617 621 623 622 622 625 626 626 626 628 629 631 630 631 633 636 638 642 641 640 641 643 642 644 647 649 650 656 655 657 660 664 667 672 675 678 681 686 691 695 700 705 709 715 729 728 735 738 745 752 759 768 773 783 794 802 810
589 591 591 591 591 592 593 594 595 595 597 597 597 598 598 599 599 600 600 602 601 602 603 606 607 606 607 610 611 611 611 613 614 614 615 615 616 618 620 621 621 621 624 623 626 625 627 628 629 629 630 634 635 636 641 640 641 641 643 645 647 648 648 647 654 657 659 660 665 670 671 676 680 683 688 690 695 700 706 713 722 728 729 733 739 748 754 764 770 781 787 796 804 812
589 591 592 593 594 591 593 592 593 594 596 595 596 597 599 600 599 600 601 602 602 602 604 605 606 606 609 610 609 609 610 612 612 612 613 615 616 619 619 619 621 620 621 622 623 624 627 627 627 629 630 633 633 633 636 639 641 642 642 644 647 647 650 650 655 658 661 662 664 669 672 677 681 684 688 692 696 700 707 715 722 727 733 737 742 749 757 765 775 786 792 802 811 818
587 589 591 589 589 590 590 591 591 593 594 596 595 595 596 598 597 597 600 601 602 603 602 602 603 606 610 611 609 609 609 611 612 612 615 616 615 616 617 619 619 619 622 622 623 625 627 628 628 628 631 633 634 634 636 638 640 640 643 643 644 648 649 651 657 659 662 666 668 670 675 677 681 685 688 693 697 701 706 713 722 725 735 740 747 752 759 770 780 788 799 809 818 826
583 588 587 585 588 588 590 591 591 592 594 595 594 596 596 597 596 599 599 599 600 602 602 602 604 603 606 606 607 607 608 611 612 613 614 614 615 615 617 619 619 620 620 620 623 626 626 626 628 629 630 630 632 634 635 638 640 640 643 646 647 649 651 654 658 660 663 666 670 672 677 680 683 688 690 694 699 702 707 713 719 727 734 740 747 756 761 769 780 790 802 813 821 831
584 586 587 588 588 587 588 590 591 593 593 593 592 594 597 595 595 597 597 599 599 601 602 603 603 603 603 606 606 608 609 610 611 612 612 614 615 618 616 616 617 620 620 620 622 623 624 625 627 629 629 631 632 633 636 637 638 639 638 644 646 649 651 653 657 660 663 668 672 674 678 681 685 690 694 699 703 706 710 716 725 731 735 740 747 755 763 771 780 791 801 810 820 832
586 587 588 587 588 589 590 589 591 592 595 593 592 593 594 595 595 596 597 598 599 599 600 600 602 602 604 605 606 608 609 610 611 610 611 613 613 615 616 617 618 619 619 620 622 623 624 624 627 627 629 630 632 633 635 636 640 641 643 644 647 648 649 652 657 660 664 667 671 676 679 683 688 691 695 699 704 709 713 719 725 731 735 743 750 758 765 771 781 790 799 809 820 833
583 587 589 586 587 589 588 589 592 592 592 591 597 598 596 595 594 596 596 597 597 599 600 601 602 602 604 605 605 606 608 610 610 609 612 613 614 615 617 617 619 619 620 620 622 623 625 624 626 628 628 631 631 633 635 636 639 642 647 648 651 652 651 653 658 659 661 667 672 676 680 684 688 691 696 701 708 711 716 721 725 731 739 744 751 761 767 776 782 791 801 811 822 833
583 586 587 586 588 588 588 589 591 591 593 592 598 597 595 592 594 595 595 597 598 598 599 600 602 605 605 607 607 607 607 610 610 610 612 612 614 615 617 617 618 618 620 620 621 622 625 625 625 626 628 631 632 633 635 639 639 643 644 646 649 652 653 654 658 660 664 668 673 678 680 685 687 693 696 703 709 714 720 724 727 735 741 747 754 759 767 776 786 794 804 816 825 832
585 586 584 584 587 586 587 589 589 589 591 592 592 591 592 592 594 595 595 596 597 597 598 598 601 603 605 606 605 606 607 607 609 611 610 611 612 614 615 615 619 618 619 620 620 622 624 626 626 628 630 632 634 635 637 639 642 645 644 644 648 651 654 655 659 662 664 669 673 678 682 687 688 694 698 703 710 715 721 727 733 740 745 751 758 762 769 778 786 796 804 816 823 834
583 584 583 583 584 585 587 588 589 589 590 590 592 592 592 593 595 595 595 597 598 599 599 601 603 603 604 604 605 605 607 607 609 609 610 612 612 613 616 614 617 617 620 622 622 624 625 627 628 628 631 633 634 637 639 641 646 647 647 647 649 652 653 656 658 661 665 669 673 678 682 686 691 696 701 704 711 718 724 728 736 741 748 753 761 767 772 783 793 798 804 814 825 836
581 583 583 583 584 584 586 586 589 590 589 589 591 591 592 593 594 594 595 595 597 598 599 601 603 604 604 605 604 605 607 606 607 608 609 612 611 611 614 615 617 619 622 624 624 625 627 628 629 629 632 635 636 639 641 641 644 646 649 649 652 652 653 655 659 662 665 669 673 679 683 687 691 698 702 707 712 718 725 732 738 744 751 757 764 772 778 784 792 799 807 815 826 835
582 582 582 582 583 583 584 586 586 588 590 591 591 590 592 592 593 593 596 598 597 598 599 599 602 603 604 605 603 604 606 606 606 608 610 612 612 613 615 616 616 620 621 622 623 624 626 629 630 632 635 636 639 641 643 642 643 646 649 651 653 655 657 659 661 664 667 670 674 679 684 688 694 699 705 709 716 720 727 733 739 747 754 762 768 774 780 788 796 803 807 816 825 835
581 581 581 581 581 583 584 585 586 588 589 588 589 591 591 591 592 594 595 596 598 597 596 598 602 603 601 601 603 604 605 605 606 608 610 612 612 613 615 617 617 619 621 623 625 625 628 630 632 634 635 638 640 643 645 645 646 648 650 652 654 659 662 662 663 666 668 671 676 678 685 690 694 700 705 711 719 724 727 735 743 750 757 764 771 779 786 794 800 807 815 822 831 840
580 581 580 582 582 582 585 585 585 586 587 589 590 590 590 591 592 595 595 595 597 596 597 597 601 600 601 602 602 603 605 606 607 608 611 612 612 613 615 616 619 620 622 623 625 626 630 632 634 635 637 640 641 643 644 647 649 651 652 654 655 660 663 664 665 669 671 672 676 680 686 692 696 702 707 713 721 726 732 739 746 752 759 767 773 782 790 799 804 812 820 830 837 846
579 580 579 581 583 586 586 586 585 586 590 588 587 590 592 592 592 594 593 594 596 595 597 597 600 600 601 602 604 604 604 607 608 610 611 611 612 613 614 616 618 620 623 624 626 627 630 631 633 635 639 641 642 644 647 649 650 653 654 656 659 662 664 666 668 671 673 676 678 681 686 691 697 703 709 713 722 727 734 742 749 755 762 772 779 787 795 804 810 819 829 836 842 848
579 579 579 582 583 583 584 584 585 587 586 584 586 589 591 593 592 592 593 592 595 595 596 598 598 599 600 601 603 604 605 606 607 609 610 611 612 615 617 617 618 619 621 623 625 628 630 632 632 636 640 642 645 645 649 651 653 655 656 658 661 664 665 668 669 673 675 678 680 683 687 692 697 704 709 716 725 730 736 743 750 757 765 772 781 791 798 808 818 824 834 842 850 857
578 579 580 581 580 581 582 583 585 586 587 587 589 589 590 592 592 592 591 591 594 596 597 598 601 600 601 601 603 603 607 608 608 610 611 612 614 615 617 619 619 620 623 624 626 627 629 632 634 638 641 642 645 649 652 653 655 658 659 661 664 666 667 669 672 674 678 682 683 686 689 694 700 706 711 718 724 732 739 745 753 759 767 775 782 794 803 810 820 829 837 847 856 864
579 578 579 579 581 581 582 583 583 585 585 588 590 591 590 590 590 592 591 593 594 595 597 599 602 601 602 603 603 605 606 608 609 610 611 612 614 616 616 618 620 622 624 625 627 629 630 633 636 639 643 644 648 650 652 654 657 659 662 664 666 668 671 671 675 676 680 683 687 691 693 697 702 708 711 718 727 733 740 746 753 762 770 780 788 797 804 812 822 828 840 850 861 870
578 577 577 578 580 581 583 583 583 585 585 587 588 589 590 589 591 591 593 593 594 596 597 599 598 600 602 604 604 606 607 609 611 610 613 613 615 616 618 618 621 623 624 627 628 629 631 634 639 640 642 644 645 650 653 655 657 660 664 669 671 670 674 675 678 680 682 686 690 695 695 699 704 710 714 720 726 732 740 746 754 761 771 778 788 796 803 811 820 830 843 851 863 873
577 577 578 578 579 580 580 582 582 584 586 586 587 588 588 589 590 591 592 592 594 594 596 597 599 601 602 604 604 606 608 608 611 611 613 615 615 617 619 620 624 624 625 627 628 631 633 635 638 642 643 643 647 651 654 656 658 662 664 669 670 672 674 677 680 682 686 689 691 695 697 701 707 711 713 719 724 730 738 747 754 762 770 778 785 793 801 809 820 829 839 849 861 870
576 578 578 578 580 580 580 582 583 584 584 585 586 587 588 590 591 591 592 592 594 596 598 598 598 601 601 603 606 608 608 609 611 613 612 614 616 618 620 621 623 625 627 630 631 634 634 636 638 642 644 646 648 650 655 658 661 664 665 668 670 672 675 678 683 687 688 689 692 695 699 703 709 712 715 719 726 732 737 746 753 759 767 774 782 792 799 806 816 826 835 846 856 866
